rid,binaryID
14599,1111101111111110
14600,11111011111111100
14998,11101
14999,1110
15000,111010
15001,1110100
15002,1110101
15003,111011
15004,1110111
15005,1111101101
15006,111110110
15007,11111011101
15008,1111101110
15009,11111011111111101
15010,1111101111111111
15011,11111001
15012,1111100
15013,111110011
15198,11111111
15228,1111101111111
15229,111110111111
15230,11111011111
15231,1111101111
15232,111110111
15233,11111011
15234,1111101
15235,11111
15273,111
15299,11
15300,1111
15301,111110
15302,111110111111111
15303,11111011111111
15321,1111111
15322,111111
15236,1
