rid,binaryID
13558,1111111
13559,111111101111
13560,1111111011111
13561,101
13562,10
13563,1010
13564,1011
13565,11110
13566,111101
13567,11111011
13568,111110110
13569,1111101111
13570,11111011111
13571,1111101101
13572,11111011011
13573,111110111
13574,1111101
13575,111110
13576,1101
13577,110
13970,11111110
13973,111111
13974,11111
13975,1111
13976,111
13977,11
14104,11111110111
14105,1111111011
14106,111111101
14163,111111111
14164,11111111
14165,111111111111111
14166,111111111111
14167,11111111111111
14168,1111111111
14169,1111111111111
14170,11111111111
13978,1
