rid,binaryID
14422,11111
14423,11111111111001111
14424,111111111110011
14425,111111111110011111
14426,1111111111100111
14427,11111111111001
14428,1111111111100
14429,111111111110
14430,1111111111100111110
14431,11111111111001111100
14432,111111111110011111000
14433,1111111111100111110001
14434,11111111111001111100010
14435,11111111111001111100010111110
14436,111111111110011111000101111101
14437,1111111111100111110001011111010
14438,11111111111001111100010111110101
14439,111111111110011111000101111101011
14440,11111111111001111100010111110101111011
14441,111111111110011111000101111101011110111
14442,1111111111100111110001011111010111101111
14443,111111111110011111000101111101011110111111111
14444,1111111111100111110001011111010111101111111
14445,11111111111001111100010111110101111011111111
14446,1111111111100111110001011111010111101111111110
14589,11111111111001111100010111110101111001
14590,111111111110011111000101111101011110011
14591,1111111111100111110001011111010111100111
14592,11111111111001111100010111110101111001110
14593,111111111110011111000101111101011110011100
14624,1111111111100111110001011111010111101111101
14644,1111111111111011111111101011
14645,111111111111101111111110101
14646,10
14769,1111101
14770,111110
14771,11111011
14772,1111111101
14773,111111110
14774,11111111101
14775,1111111110
14776,111111111010
14777,111111111011
14778,11111111111011
14779,1111111111101
14780,11111111111001111111
14781,1111111111100111111
14782,11111111111001111101
14783,111111111110011111001
14784,1111111111100111110010
14785,1111111111100111110011
14786,11111111111001111100011
14787,111111111110011111000111
14788,1111111111100111110001111
14789,11111111111001111100011110
14790,11111111111001111100011111
14791,1111111111100111110001011111011
14792,111111111110011111000101111101011101
14793,111111111110011111000101111101011110011101
14794,11111111111001111100010111110101111001111
14795,1111111111100111110001011111010111101111111111
14796,1111111111100111110001011111010111111
14797,11111111111001111100010111110101111110
14798,11111111111001111100010111110101111111
14799,111111111110011111000101111111
14800,1111111111100111110001011111111
14801,11111111111001111100010111111111
14802,111111111110011111000101111111110
14803,111111111110011111000101111111111
14804,11111111111001111100010111111
14805,11111111111001111100010110
14806,1111111111111
14807,111111111111
14808,11111111111110
14809,1111111111111011
14810,111111111111101
14811,11111111111110111
14812,11111111111110111110
14813,11111111111110111111
14814,111111111111101111110
14815,111111111111101111111
14816,111111111111101111111110
14817,1111111111111011111111100
14818,1111111111111011111111101
14819,11111111111110111111111010
14820,11111111111110111111111011
14821,1111111111111011111111101111
14822,111111111111101111111110111
14823,111111111111101110
14824,11111111111111
14825,111111111111111
14826,111011
14827,111011110
14828,111011111
14829,11101
14830,1110
15193,1111111111100111110001011111
15195,11111111111110111111111
15196,111111111111101111111111
15241,111111111111101111
15242,11101111
15243,111
15244,1111
15248,11111111
15249,111111
15250,111111111
15251,11111111111
15255,111111111110011111000101
15279,11
15281,1111111
15282,1111111111
15283,1111111111100111110001011
15284,11111111111001111100010111
15285,111111111110011111000101111
15312,1111111111111011111
15313,1111111111111011111111
15314,1111111111111011111111111
15315,1110111
15364,1111111111100111110001011111010111100
15365,1111111111100111110001011111010111101
15366,111111111110011111000101111101011110
15367,11111111111001111100010111110101110
15368,11111111111001111100010111110101111
15369,111111111110011111000101111101011111
15370,1111111111100111110001011111010111
15371,111111111110011111000101111101011110111110
15372,111111111110011111000101111101011110111111
15373,11111111111001111100010111110101111011111
15280,1
