rid,binaryID
14531,11111111111111
14532,111111111111111
14533,11111111111111111111111111
14534,111111111111111111111111110
14535,1111111111111111111111111100
14536,11111111111111111111111111001101
14537,111111111111111111111111110011011
14538,111111111111111111111111110011011011
14539,1111111111111111111111111100110110
14540,11111111111111111111111111001101101
14541,1111111111111111111111111100110110110
14542,1111111111111111111111111100110110110101
14543,11111111111111111111111111001101101101010
14544,111111111111111111111111110011011011010100
14545,1111111111111111111111111100110110110101000
14546,11111111111111111111111111001101101101010000
14547,111111111111111111111111110011011011010100000
14575,111111111111111111111101
14576,11111111111111111111110
14577,1111111111111111111111010
14578,11111111111111111111110100
15015,111111111111111101
15016,11111111111111110
15017,1111111111111111011
15018,11111111111111110111
15019,1111111111111111101
15020,111111111111111110
15021,1111111111111111111111011
15022,11111111111111111111110101
15023,111111111111111111111111111
15024,1111111111111111111111111111
15025,1111111111111111111111111100101
15026,11111111111111111111111111001010
15027,11111111111111111111111111001011
15028,1111111111111111111111111100110110111
15029,111111111111111111111111110011011011010101
15030,11111111111111111111111111001101101101010001
15031,111111111111111111111111110011011011010100001
15032,1111111111111111111111111100110110110101001
15033,11111111111111111111111111001101101101011
15034,111111111111111111111111110011011011010110
15035,111111111111111111111111110011011011010111
15036,1111111111111111111111111100110110110111
15037,11111111111111111111111111001101111
15038,1111111111111111111111111100110111
15039,11111111111111111111111111001111
15040,111111111111111111111111110011111
15041,1111111111111111111111111101
15042,11111111111111111111111101
15043,1111111111111111111111110
15044,111111111111111111111111010
15045,111111111111111111111111011
15046,1111111111111111111111101
15047,111111111111111111111110
15048,11111111111111111111101
15049,1111111111111111111110
15050,111111111111111111101
15051,11111111111111111110
15052,1111111111111111111011
15208,1111
15209,11111
15210,1111111111111
15211,111111111111
15212,11111111111111111
15213,11111111
15214,111111111
15215,1111111111
15216,111111111111111111
15217,1111111111111111111
15245,111111
15246,1111111
15247,1111111111111111
15292,11
15293,111
15295,11111111111
15333,1111111111111111111111111
15334,111111111111111111111111
15335,11111111111111111111111
15336,111111111111111111111
15337,11111111111111111111
15338,1111111111111111111111
15407,111111111111111111111111110010
15408,1111111111111111111111111100110
15409,111111111111111111111111110011
15410,1111111111111111111111111100111
15411,11111111111111111111111111001
15412,11111111111111111111111111001101101101
15413,111111111111111111111111110011011011010
15414,111111111111111111111111110011011011011
15294,1
