rid,binaryID
12660,11111111
12661,111111111111
12662,1111111111111111111110
12663,11111111111111111111100
12664,1111111111111111111110011
12665,111111111111111111111001
12666,11111111111111111111100110
12667,111111111111111111111001101101
12668,1111111111111111111110011011010
12669,11111111111111111111100110110100
12670,111111111111111111111001101101000
12671,1111111111111111111110011011010000
12672,11111111111111111111100110110100000
12673,111111111111111111111001101101000000
12674,1111111111111111111110011011010000000
12675,11111111111111111111101111111101
12676,1111111111111111111110111111110
12677,111111111111111111111011111111011
12678,1111111111111111111110111111110111
12679,1111111111111111111110111111110111111111
12680,111111111111111111111011111111011111
12681,1111111111111111111110111111110111111
12682,11111111111111111111101111111101111111
12683,11111111111111111111101111111101111
12684,111111111111111111111011111111011111111
12685,11111111111111111111101111111101111111111
12686,111111111111111111111011111111011111111111
12687,1111111111111111111110111111110111111111111
12688,11111111111111111111101111111101111111111111
12689,111111111111111111111011111111011111111111111
12690,111111111111111111111011111111011111111111111111111
12691,1111111111111111111110111111110111111111111111111110
12692,11111111111111111111101111111101111111111111111111100
12693,111111111111111111111011111111011111111111111111111001
12694,1111111111111111111110111111110111111111111111111110011
12695,11111111111111111111101111111101111111111111111111100110
12696,111111111111111111111011111111011111111111111111111001100
12697,1111111111111111111110111111110111111111111111111110011001
12698,1111111111111111111110111111111
12699,11111111111111111111101111111111
12700,1111111111111111111110111111111111111
12701,11111111111111111111101111111111111110
12702,1111111111111111111110111111111111111001
12703,111111111111111111111011111111111111100
12704,1111111111111111111110111111111111111001111
12705,11111111111111111111101111111111111110011110
12706,111111111111111111111011111111111111100111100
12707,1111111111111111111110111111111111111001111000
12708,11111111111111111111101111111111111110011110001
12709,1111111111111111111110111111111111111001111000111100
12710,111111111111111111111011111111111111100111100011110
12711,11111111111111111111101111111111111110011110001111000
12712,111111111111111111111011111111111111100111100011110000
12713,1111111111111111111110111111111111111001111000111100001111
12714,11111111111111111111101111111111111110011110001111000011111
12715,111111111111111111111011111111111111100111100011110000111111001
12716,1111111111111111111110111111111111111001111000111100001111110011
12717,11111111111111111111101111111111111110011110001111000011111100111
12718,111111111111111111111011111111111111100111100011110000111111001110
12719,1111111111111111111110111111111111111001111000111100001111110011101
12720,11111111111111111111101111111111111110011110001111000011111100111011
12721,111111111111111111111011111111111111100111100011110000111111001110110
12722,1111111111111111111110111111111111111001111000111100001111110011101100
12723,111111111111111111111011111111111111100111100011110000101
12724,1111111111111111111110111111111111111001111000111100001010
12725,11111111111111111111101111111111111110011110001111000010100
12726,111111111111111111111011111111111111100111100011110000101001
12727,1111111111111111111110111111111111111001111000111100001010011
12728,11111111111111111111101111111111111110011110001111000010100111
12729,111111111111111111111011111111111111100111100011110000101001110
12730,111111111111111111111011111111111111100111100011110000101011101
12731,1111111111111111111110111111111111111001111000111100001010111010
12732,11111111111111111111101111111111111110011110001111000010101110100
12733,11111111111111111111101111111111111110011110001111000010101110100101
12734,111111111111111111111011111111111111100111100011110000101011101001010
12735,1111111111111111111110111111111111111001111000111100001010111010010100
12736,11111111111111111111101111111111111110011110001111000010101110100101000
12737,111111111111111111111011111111111111100111101
12738,111111111111111111111011111111111111100111101101
12739,1111111111111111111110111111111111111001111011011
12740,11111111111111111111101111111111111110011110110111011
12741,111111111111111111111011111111111111100111101101110110
12742,1111111111111111111110111111111111111001111011011101100
12743,11111111111111111111101111111111111110011110110111011000
12744,11111111111111111111101111111111111110011110110111011000101
12745,111111111111111111111011111111111111100111101101110110001011101
12746,1111111111111111111110111111111111111001111011011101100010111010
12747,11111111111111111111101111111111111110011110110111011000101110101
12748,111111111111111111111011111111111111100111101101110110001011101011
12749,1111111111111111111110111111111111111001111011011101100010111010110
12750,11111111111111111111101111111111111110011110110111011000101110101101
12751,111111111111111111111011111111111111100111101101110110001011101011011
12752,1111111111111111111110111111111111111001111011011101100010111010110110
12753,11111111111111111111101111111111111110011110110111011000101110101101100
12754,111111111111111111111011111111111111100111101101110110001011101011011000
12850,1111111111111111111110111111110111111111111110
12851,1111111111111111111110111111110111111111111110111
12852,111111111111111111111011111111011111111111111011
12853,11111111111111111111101111111101111111111111101
12854,111111111111111111111011111111111111100111100011111
12855,1111111111111111111110111111111111111001111000111110
12856,11111111111111111111101111111111111110011110001111101
12857,111111111111111111111011111111111111100111100011111010
12858,111111111111111111111011111101
12859,11111111111111111111101111110
12860,1111111111111111111110111111011
12861,11111111111111111111101111110111
12862,111111111111111111111011111101111
12863,111111111111111111111011111101111111
12864,1111111111111111111110111111011111110
12865,111111111111111111111011111111111111100111100011110011111
12866,11111111111111111111101111111111111110011110001111001
12867,11111111111111111111101111111111111110011110001111001111
12868,111111111111111111111011111111111111100111100011110011
12869,1111111111111111111110111111111111111001111000111100111
12870,111111111111111111111011111111111111100111100011110011111111
12879,11111111111111111111101111111111111110011110110111011000111
12880,111111111111111111111011111111111111100111101101110110001110
12881,1111111111111111111110111111111111111001111011011101100011100
12882,11111111111111111111101111111111111110011110110111011000111001
12883,111111111111111111111011111111111111100111100011110000111111011
12884,1111111111111111111110111111111111111001111000111100001111110110
12885,111111111111111111111111
12886,11111111111111111111111
12887,1111111111111111111111
12888,1111111111111111111111110
12889,11111111111111111111111100
12890,111111111111111111111111000
12891,1111111111111111111111110000
12892,11111111111111111111111100000
12895,11111111111111111111101111111111111110011110110111011000101101
12896,11111111111111111111101111111101111111111111111111101
12897,111111111111111111111011111111011111111111111111111010
12898,1111111111111111111110111111110111111111111111111110101
12899,11111111111111111111101111111111111110011111
12900,111111111111111111111011111111111111100111110
12903,1111111111111111111110111111111111111001111000111100001010011111
12912,111111111111111111111011111111111111100111101101111111
12913,1111111111111111111110111111111111111001111011011111110
12917,11111111111111111111101111111111111110011110110111111111
12918,1111111111111111111110111111111111111001111011011111111
12919,111111111111111111111011111111111111100111101101111111111
12929,111111111111111111111011111101111111110
12934,111111111111111111111011111101111111111
13662,1111111101
13663,111111110
13664,11111111011
13665,1111111111111110111
13666,111111111111111011
13667,11111111111111101
13668,1111111111111110
13669,111111111111111101
13670,11111111111111110
13671,11111111111111111111101011
13672,1111111111111111111110101
13673,111111111111111111111010
13674,111111111111111111111011111101111101
13675,11111111111111111111101111111111101
13676,1111111111111111111110111111111110
13677,1111111111111111111110111111111111111011
13678,111111111111111111111011111111111111101
13679,1111111111111111111110111111111111111001101
13680,11111111111111111111101111111111111110011010
13681,111111111111111111111011111111111111100110101
13682,1111111111111111111110111111111111111001101011
13683,11111111111111111111101111111111111110011011
13684,111111111111111111111011111111111111100111111
13685,111111111111111111111011111111111111100111100010
13686,1111111111111111111110111111111111111001111000111111
13687,111111111111111111111011111111111111100111100011111011
13688,111111111111111111111011111111111111100111100011110011111101
13689,111111111111111111111011111111111111100111100011110000101001111
13690,111111111111111111111011111111111111100111100011110000101011111
13691,11111111111111111111101111111111111110011110001111000010101110100101001
13692,1111111111111111111110111111111111111001111000111100001010111010010101
13693,111111111111111111111011111111111111100111100011110000101011101001011
13694,11111111111111111111101111111111111110011110001111000010101110100111
13695,11111111111111111111101111111111111110011110001111000010101110101111
13696,11111111111111111111101111111111111110011110001111000010101110101
13697,111111111111111111111011111111111111100111100011110000101011101011
13698,1111111111111111111110111111111111111001111000111100001010111010111
13699,1111111111111111111110111111111111111001111000111100001010111011
13700,11111111111111111111101111111111111110011110001111000010101110111
13701,111111111111111111111011111111111111100111100011110000101011101111
13702,1111111111111111111110111111111111111001111000111100001010111011111
13703,11111111111111111111101111111111111110011110001111000010101110111111
13704,111111111111111111111011111111111111100111100011110000101011101111111
13705,1111111111111111111110111111111111111001111000111100001010111011111110
13706,11111111111111111111101111111111111110011110001111000010101110111111101
13707,1111111111111111111110111111111111111001111000111100001010111011111111
13708,1111111111111111111110111111111111111001111000111100001011
13709,11111111111111111111101111111111111110011110001111000010111
13710,111111111111111111111011111111111111100111100011110000111111001111
13711,1111111111111111111110111111111111111001111000111100001111110011110
13712,11111111111111111111101111111111111110011110001111000011111100111101
13713,1111111111111111111110111111111111111001111000111100001111110011111
13714,111111111111111111111011111111111111100111100011110000111111001110111
13715,1111111111111111111110111111111111111001111000111100001111110011101101
13716,1111111111111111111110111111111111111001111000111100001111110111
13717,11111111111111111111101111111111111110011110001111000011111111
13718,111111111111111111111011111111111111100111100011110001
13719,11111111111111111111101111111111111110011110011
13720,111111111111111111111011111111111111100111100111
13721,11111111111111111111101111111111111110011110011111
13722,1111111111111111111110111111111111111001111001
13723,1111111111111111111110111111111111111001111001111
13724,111111111111111111111011111111111111100111101111
13725,11111111111111111111101111111111111110011110110111001
13726,1111111111111111111110111111111111111001111011011101101
13727,11111111111111111111101111111111111110011110110111011010
13728,11111111111111111111101111111111111110011110110111011011
13729,111111111111111111111011111111111111100111101101110110111
13730,1111111111111111111110111111111111111001111011011101100011101
13731,111111111111111111111011111111111111100111101101110110001111
13732,1111111111111111111110111111111111111001111011011101100010111011
13733,1111111111111111111110111111111111111001111011011101100010111010111
13734,1111111111111111111110111111111111111001111011011101100010111010110111
13735,111111111111111111111011111111111111100111101101110110001011101011011001
13736,11111111111111111111101111111111111110011110110111011000101110101101101
13737,111111111111111111111011111111111111100111101101110110001011101011011010
13738,1111111111111111111110111111111111111001111011011101100010111010110110100
13739,111111111111111111111011111111111111100111101101110110001011101011011011
13740,1111111111111111111110111111111111111001111011011101100010111010110110101
13741,111111111111111111111011111111111111100111101101110110001011111
13742,11111111111111111111101111111111111110011110110111011001
13743,111111111111111111111011111111111111100111101101110111
13744,111111111111111111111011111111111111111111
13745,1111111111111111111110111111111111111111
13746,1111111111111111111110111111111111111111111
13747,11111111111111111111101111111111111111111
13748,111111111111111111111011111111111111111
13749,11111111111111111111101111111111111111
13750,1111111111111111111110111111111101
13751,111111111111111111111011111111110
13752,11111111111111111111101111111111010
13753,11111111111111111111101111111111011
13754,111111111111111111111011111111011111111111111111101
13755,111111111111111111111011111111011111111111111111111011
13756,111111111111111111111011111111011111111111111111111001101
13757,11111111111111111111101111111101111111111111111111100110111
13758,1111111111111111111110111111110111111111111111111110011011
13759,11111111111111111111101111111101111111111111111111100111
13760,1111111111111111111110111111110111111111111111111111
13761,11111111111111111111100111
13762,11111111111111111111100110110101
13763,111111111111111111111001101101001
13764,11111111111111111111100110110100001
13765,1111111111111111111110011011010000001
13766,111111111111111111111001101101000001
13767,1111111111111111111110011011010001
13768,1111111111111111111110011011011
13769,111111111111111111111001101111
13770,11111111111111111111100110101
13771,1111111111111111111110011010111
13772,111111111111111111111001101011
13773,11111111111111111111100110101111
13774,111111111111111111111001101011110
13775,111111111111111111111001101011111
13776,1111111111111111111111111
13777,11111111111111111111111101
13778,111111111111111111111111011
13779,1111111111111111111111110001
13780,11111111111111111111111100001
13781,111111111111111111111111001
13782,11111111111111111111011
13783,1111111111111111111101
13784,111111111111111111110
13785,111111111111111111101
13786,11111111111111111110111
13787,11111111111111111110
13788,1111111111111111111011
13789,111111111111111111011
13790,11111111111111111101
13791,1111111111111111110
13792,1111101111
13793,1111101
13794,111110
13879,1111111111111111111110111111111111111001111000111101111
13880,11111111111111111111101111111111111110011110001111011
13881,111111111111111111111011111111111111100111100011110111
13882,1111111111111111111110111111111111111001111000111101
13883,11111111111111111111101111111111111110011110001111011110
13884,11111111111111111111101111111111111110011110001111011111
13904,1111111111111111111110111111111111111001111000111100001010011101
13908,11111111111111111111101111111111111110011110001111000010101
13920,111111111111111111111011111111111111100111100011
13921,11111111111111111111101111111101111111111111111
13949,111111111111111111111011111111111111
13950,11111111111111111111101111111111111
13956,1111111111111111111110111111011111111
13964,11111111111111111111101111111
13965,111111111111111111111011111111
13979,11111111111
13980,1111111111
13981,111111111
13986,1111111
13987,111111
13988,11111
13989,1111
13992,11
14011,111
14012,1111111111111111111110111111
14013,1111111111111111111110111
14014,111111111111111111111011
14015,11111111111111111111101111
14016,11111111111111111111101
14017,111111111111111111111011111
14018,1111111111111111111110111111110111111111111111
14019,1111111111111111111110111111111111
14020,111111111111111111111011111111111
14021,1111111111111111111110111111111111111001111000111
14022,11111111111111111111101111111111111110011110001111
14023,11111111111111111111101111111111111110011110001111000010100111011
14024,111111111111111111111011111111111111100111100011110000101011
14112,11111111111111111111101111110111111110
14185,111111111111111
14186,1111111111111
14187,11111111111111
14188,111111111111111111
14189,1111111111111111
14190,1111111111111111111
14191,111111111111111111111
14192,11111111111111111
14193,11111111111111111111
14200,11111111111111111111101111111111111110011110110111111
14202,111111111111111111111001101
14203,1111111111111111111110011010
14204,11111111111111111111100110110
14205,11111111111111111111100110111
14206,111111111111111111111011111111011111111111111111
14207,1111111111111111111110111111110111111111111111111
14208,11111111111111111111101111111101111111111111111110
14209,11111111111111111111101111111101111111111111111111
14210,11111111111111111111101111111111111110011
14211,111111111111111111111011111111111111100110
14212,111111111111111111111011111111111111100111
14213,1111111111111111111110111111111111111001111000111100001
14214,11111111111111111111101111111111111110011110001111000010
14215,11111111111111111111101111111111111110011110001111000011
14216,111111111111111111111011111111111111100111100011110000111
14217,111111111111111111111011111111111111100111100011110000111111
14218,1111111111111111111110111111111111111001111000111100001111110
14219,1111111111111111111110111111111111111001111000111100001111111
14220,11111111111111111111101111111111111110011110001111000011111100
14221,11111111111111111111101111111111111110011110001111000011111101
14222,11111111111111111111101111111111111110011110001111000010101110
14223,1111111111111111111110111111111111111001111000111100001010111
14224,11111111111111111111101111111111111110011110001111000010101111
14225,111111111111111111111011111111111111100111100011110000101011101001
14226,1111111111111111111110111111111111111001111000111100001010111010010
14227,1111111111111111111110111111111111111001111000111100001010111010011
14228,11111111111111111111101111111111111110011110110
14229,1111111111111111111110111111111111111001111011
14230,11111111111111111111101111111111111110011110111
14231,1111111111111111111110111111111111111001111011011100
14232,111111111111111111111011111111111111100111101101110
14233,11111111111111111111101111111111111110011110110111
14234,1111111111111111111110111111111111111001111011011101
14235,1111111111111111111110111111111111111001111011011101100010
14236,111111111111111111111011111111111111100111101101110110001
14237,1111111111111111111110111111111111111001111011011101100011
14238,111111111111111111111011111111111111100111101101110110001011
14239,1111111111111111111110111111111111111001111011011101100010110
14240,1111111111111111111110111111111111111001111011011101100010111
14241,11111111111111111111101111111111111110011110110111011000101110
14242,11111111111111111111101111111111111110011110110111011000101111
14265,1111111111111111111110111111011111
14266,11111111111111111111101111110111110
14267,11111111111111111111101111110111111
14268,1111111111111111111110111111111111111001111000111100111111
14269,11111111111111111111101111111111111110011110001111001111110
14270,11111111111111111111101111111111111110011110001111001111111
14332,111110111
14333,11111011
14376,1111111111111111111110111111111111111001111011011111
14377,111111111111111111111011111111111111100111101101111
15459,11111111111111111111101111110111111111
15462,1111111111111111111110011011
14010,1
