rid,binaryID
12931,111111011111110110111111
13589,111111011
13590,1111110110
13591,11111101101
13592,11111100110
13595,11111111
13596,111111111
13600,11111101111111011111111
13601,11111101111111011111101
13602,111111011111110111111011
13603,11111101111111011011101
13604,111111011111110110111011
13605,111111011111110110
13606,11111101111111011
13607,1111110111111101
13608,111111011111110
13609,1111110111111101101
13610,111111011111110111
13611,1111110111
13614,1111110111111111
13615,11111101111111110
13616,111111011111111111
13617,11111101111111111
13624,11111
13625,111111
13626,1111110
13627,11111100
13628,111111001
13629,11111101
13630,1111111
13885,11111101111
13886,111111011111
13887,1111110111111
13888,11111101111111
13889,111111011111111
13993,11111100111
14108,1111110011
14155,11
14156,1111
14157,111
14162,1111110111111101101111111
14322,11111101111111011011111
14323,11111101111111011011
14324,1111110111111101111
14325,11111101111111011111
14326,111111011111110111111
14327,111111011111110110111
14328,1111110111111101111110
14329,1111110111111101111111
14330,1111110111111101101110
14331,1111110111111101101111
14154,1
