rid,binaryID
14448,1111110
14449,111111001
14450,11111100111
14451,1111110011
14452,11111100
14453,111111001110
14454,1111110011100
14455,11111100111000
14456,111111001110000
14457,1111110011100000
14458,11111100111000011111
14459,11111100111000011111101
14460,11111100111000011111101101
14461,111111001110000111111011011
14462,1111110011100001111110110111
14463,11111100111000011111101101111
14464,111111001110000111111011011111
14465,1111110011100001111110110111110
14466,11111100111000011111101101111100
14562,11111100111000011111111
14563,111111001110000111111111
14564,1111110011100001111111111
14565,11111100111000011111111110
14566,111111001110000111111111100111
14567,111111001110000111111111100
14568,1111110011100001111111111001
14569,11111100111000011111111110011
14570,1111110011100001111111111001110
14607,11111101111
14608,111111011
14609,11111101
14610,1111110111
14611,111111011110
14612,1111110111100
14613,11111101111001
14614,111111011110011
14615,111111011110011110
14616,11111101111001111001
14617,1111110111100111100
14618,111111011110011110010
14619,1111110111100111100100
14647,1111101
14648,111110
14649,11111101111001110
14741,1111111
14742,11111110
14743,11111111
14744,1111110011101
14745,11111100111001
14746,1111110011100001
14747,111111001110000111111111101
14748,1111110011100001111111111001111
14749,11111100111000011111111111
14750,1111110011100001111110110111111
14751,11111100111000011111101101111101
14752,11111100111000011111101111
14753,111111001110000111111011111
14754,1111110011100001101
14755,111111001110001
14756,111111001111
14757,1111110111100110
14758,1111110111100111101
14759,1111110111100111100101
14760,111111011110011110011
14761,111111011110011111
14762,11111101111001111101
14763,1111110111100111110
14764,11111101111011
14765,1111110111101
14766,111111011111
14767,1111110111111
14768,11111101111111
15252,11
15254,11111
15256,11111101111001111
15286,1111
15287,111
15304,1111110111100111
15311,1111110111100111111
15374,111111001110000110
15375,1111110011100001111
15376,11111100111000011
15377,111111001110000111
15378,111111001110000111111
15379,1111110011100001111110
15380,1111110011100001111111
15381,1111110011100001111110110
15382,1111110011100001111110111
15383,111111001110000111111011
15463,111111
14447,1
