rid,binaryID
12932,1111110111111111100000
13612,1111111110
13613,1111111111
13631,1111110
13632,11111101
13633,111111011
13634,1111110111
13635,11111101111
13636,11111101111111111
13637,111111011111111110
13638,1111110111111111100
13639,11111101111111111000
13640,111111011111111110000
13641,1111110111111111100001
13642,11111101111111111000010
13643,111111011111111110000101
13644,1111110111111111100001011
13645,11111101111111111001
13646,111111011111111110001
13647,11111101111111111000011
13648,1111110111111111101
13649,111111011111111111
13650,1111110111111111111
13651,11111101111111111111
13652,111111011111111111111
13653,111111011111110
13654,1111111
13982,1111110111111111
13983,11111101111111
13985,111111111
14107,11111111
14109,111111011111
14110,1111110111111
14111,111111011111111
14194,1111
14195,111111
14196,11111
14198,111
14199,11
14197,1
