rid,binaryID
12650,10
12651,1011110
12652,101111001
12653,1011110011
12654,10111100
12655,101111001101
12656,10111100110
12935,1011010
12936,1011011
13810,10110
13811,101101
13812,10111111
13813,1011111
13814,101111111
13815,1011111111
13816,101111011110
13817,1011110111100
13818,10111101101
13819,1011110110
13820,101111011011
13821,1011110110111
13822,1011110111101
13823,101111011111
13824,1011110111110
13825,1011110111111
13826,101111001111
13827,10111100111
13828,1011110011110
13829,10111100111101
13830,1011110011111
13831,1011101
13832,101110
13833,111
13834,11
13990,101111011
13991,10111101
13994,1011
13995,101
14008,10111
14009,101111
14113,10111101111
14114,1011110111
12649,1
