rid,binaryID
14500,101
14501,10
14503,1011
14504,10111
14505,101110
14506,10111011
14507,1011101111
14508,10111011110
14509,10111011110111
14510,101110111101111
14511,1011101111011110
14512,10111011110111101
14513,101110111101111011
14514,1011101111011110110
14515,10111011110111101101
14516,101110111101111011011
14517,1011101111011110110110
14518,1011101111011110110110101
14519,101110111101111011011010111011
14520,1011101111011110110110101110111
14521,10111011110111101101101011101111101
14522,101110111101111011011010111011111011
14523,1011101111011110110110101110111110111
14524,10111011110111101101101011101111101110
14525,101110111101111011011010111011111011100
14526,1011101111011110110110101110111110111000
14527,10111011110111101101101011101111101110000
14528,101110111101111011011010111011111011100000
14529,1011101111011110110110101110111110111000000
14530,10111011110111101101101011101111101110000000
14560,101110111101111011011010111011111011101
14561,1011101111011110110110101110111110111010
14579,10111011110111101101101011111
14580,101110111101111011011010111110
14581,1011101111011110110110101111101
14582,10111011110111101101101011111011
14583,10111011110111101101101011111011111
14584,101110111101111011011010111110111110
14585,1011101111011110110110101111101111100
14586,1011101111011110110110101111101111100011
14587,10111011110111101101101011111011111000
14588,101110111101111011011010111110111110001
14625,10111011110111101101110
14626,10111011110111101101111
14627,101110111101111011011110
14628,1011101111011110110111101
14629,10111011110111101101111011
14630,101110111101111011011110110
14631,101110111101111011011110110101
14920,111
14921,11
14922,10111011111
14923,1011101111011110111
14924,101110111101111011011111
14925,101110111101111011011110110111
14926,101110111101111011011110111
14927,10111011110111101101101011111011101
14928,101110111101111011011010111110111011
14929,101110111101111011011010111110111111
14930,10111011110111101101101011111011111001
14931,1011101111011110110110101111101111101
14932,101110111101111011011010111111
14933,1011101111011110110110101110111101
14934,10111011110111101101101011101111111
14935,101110111101111011011010111011111110
14936,101110111101111011011010111011111111
14937,10111011110111101101101011101111101111
14938,101110111101111011011010111011111011110
14939,1011101111011110110110101110111110111100
14940,10111011110111101101101011101111101111000
14941,101110111101111011011010111011111011110000
14942,1011101111011110110110101110111110111101
14943,101110111101111011011010111011111011110001
14944,10111011110111101101101011101111101111001
14945,101110111101111011011010111011111011111
14946,10111011110111101101101011101111101111111
14947,1011101111011110110110101110111110111111
14948,10111011110111101101101011101111101110001
14949,1011101111011110110110101110111110111000001
14950,10111011110111101101101011101111101110000001
14951,101110111101111011011010111011111011100001
14952,1011101111011110110110101110111110111001
14953,1011101111011110110110101110111110111011
14954,1011101111011110110110111
14955,1011101111011110110111
14956,1011101111011111
14957,101110111101
14958,1011101111010
14959,1011101111011
14960,101110111
14961,1011101
14962,101111
14963,1011110
14964,1011111
15394,101110111101111011011010
15395,10111011110111101101101
15396,101110111101111011011011
15397,10111011110111101101101011101
15398,101110111101111011011010111
15399,1011101111011110110110101110
15400,10111011110111101101101011
15401,1011101111011110110110101111
15402,1011101111011110110110101110111110
15403,101110111101111011011010111011110
15404,10111011110111101101101011101111
15405,1011101111011110110110101110111111
15406,101110111101111011011010111011111
15418,1011101111011110110110101111101110
15419,1011101111011110110110101111101111
15420,101110111101111011011010111110111
15424,10111011110111101101111011010
15425,10111011110111101101111011011
15426,1011101111011110110111101101
14502,1
