rid,binaryID
14393,10
14394,100
14395,100111111111011
14396,10011111111101
14397,1001111111110111
14398,1001111111110
14399,10011111111101110
14400,1001111111110111011
14401,100111111111011101
14402,10011111111101110110
14403,100111111111011101101
14404,1001111111110111011010
14405,10011111111101110110101
14406,1001111111110111011010101
14407,100111111111011101101010
14408,1001111111110111011010101111
14409,1001111111110111011010101111111
14410,1001111111001
14411,100111111100
14412,10011111110010
14413,100111111100100
14414,1001111111001000
14415,100111111100100010111
14416,1001111111001000101
14417,10011111110010001011
14418,100111111100100010111101
14419,1001111111001000101111011
14420,10011111110010001011110111
14421,100111111100100010111101110
14602,1001111111001000111
14620,10011111111101110110101011111001
14621,10011111111101110110101011111001111
14622,1001111111110111011010101111100111111
14623,100111111111011101101010111110011111
14650,10011101
14651,1001110
14652,100111011
14653,1111
14654,111111
14655,111
14656,11111111
14657,11111
14658,11
14659,1111111
14660,10111
14661,101
14662,1011
14663,10111100
14664,101111001
14665,1011110010
14666,10111100101
14667,101111001011
14668,101110
14669,10111101
14670,101111011
14671,1011110111
14672,1011110011
14673,1011110011111
14674,101111001111
14675,10111100111
14676,10111100111111
14677,1011110011111101
14678,101111001111110
14679,1011110011111111
14680,101111001111111
14681,1001111011
14682,10011110111
14683,100111101
14684,10011110
14685,1001111101
14686,100111110111
14687,10011111011
14688,100111110
14689,1001111111011
14690,100111111101
14691,10011111110111
14692,10011111110111111
14693,100111111101111
14694,1001111111011111
14695,100111111100100010111111
14696,1001111111001000101111111
14697,10011111110010001011111111
14698,100111111100100010111111110
14699,1001111111001000101111111100
14700,10011111110010001011111111000
14701,100111111100100010111111111
14702,10011111110010001011111111001
14703,1001111111001000101111111101
14704,100111111100100010111101111
14705,1001111111001001
14706,100111111100101
14707,10011111110011
14708,10011111111101111
14709,100111111111011111
14710,10011111111101110111
14711,100111111111011101111
14712,1001111111110111011010111
14713,1001111111110111011010111111
14714,100111111111011101101011
14715,10011111111101110110101111
14716,100111111111011101101011111
14717,10011111111101110110101111111
14718,100111111111011101101011111111
14719,1001111111110111011010111111111
14720,10011111111101110110101111111111
14721,100111111111011101101011111111111
14722,100111111111011101101011111111111111
14723,1001111111110111011010111111111111
14724,10011111111101110110101111111111111
14725,10011111111101110110101011111011
14726,10011111111101110110101011111001101
14727,1001111111110111011010101101
14728,1001111111110111011011
14729,10011111111101110110111
14730,1001111111110111011011111
14731,100111111111011101101111
14732,1001111111111
14733,10011111111110
14734,1001111111111111
14735,100111111111111
14736,10011111111111
14737,10001
14738,1000
14739,100011
14740,1000111
15189,100111111100100010111111110000
15190,100111111100100010111111110001
15194,10111111
15257,10011
15258,10011111
15259,1001111
15260,1011110
15266,1001
15268,1001111111
15274,100111111
15275,100111
15276,10011111110
15277,100111111111
15278,10011111111
15309,1011111
15310,101111
15350,100111111111011101101010110
15351,10011111111101110110101011
15352,100111111111011101101010111
15353,10011111111101110110101011111
15354,100111111111011101101010111110
15355,1001111111110111011010101111100
15356,1001111111110111011010101111101
15357,100111111111011101101010111111
15358,100111111100100010
15359,100111111100100011
15360,10011111110010001
15361,1001111111001000101111
15362,10011111110010001011110
15363,10011111110010001011111
15421,1001111111110111011010101111100110
15422,100111111111011101101010111110011
15423,1001111111110111011010101111100111
15349,1
