rid,binaryID
2,111111111010000110101000
14467,1111111
14468,1111111110
14469,11111111101
14470,111111111010
14471,1111111110100
14472,11111111101000
14473,111111111010000
14474,1111111110100000
14475,11111111101000001
14476,111111111010000010
14477,1111111110100000100
14478,11111111101000001000
14479,111111111010000010001
14480,1111111110100000100011
14481,1111111110100000100011101
14482,11111111101000001000111011
14483,111111111010000010001110111
14484,1111111110100000100011101110
14485,11111111101000001000111011100
14486,111111111010000010001110111000
14487,11111111101000001000111011100001
14488,1111111110100000100011101110000
14489,111111111010000010001110111000011
14490,11111111101000001001
14491,111111111010000010010
14492,11111111101000001001011110111
14493,1111111110100000100101111011111
14494,111111111010000010010111101
14495,1111111110100000100101111011
14496,111111111010000010010111101111
14497,11111111101000001001011110111110
14498,111111111010000010010111101111100
14499,1111111110100000100101111011111000
14845,11111110
14846,111111101
14847,1111111011
14848,1111111110101
14849,1111111110100001
14850,1111111110100001111
14851,11111111101000011111
14852,111111111010000111110
14853,1111111110100001111100
14854,11111111101000010
14855,111111111010000100
14856,1111111110100001000
14857,11111111101000010000
14858,111111111010000101
14859,1111111110100001011
14860,1111111110100001001
14861,11111111101000010011
14862,11111111101000010001
14863,111111111010000110
14864,111111111010000110101
14865,1111111110100001101010
14866,11111111101000011010100
14867,1111111110100001101011
14868,111111111010000110101001
14869,11111111101000011010101
14870,111111111010000110111
14871,111111111010000111111
14872,1111111110100001111101
14873,111111111010000011
14874,11111111101000001111
14875,1111111110100000111
14876,111111111010000011110
14877,111111111010000011111
14878,111111111010000010001110111001
14879,1111111110100000100011101110011
14880,11111111101000001000111011100111
14881,1111111110100000100011101110001
14882,1111111110100000100011101110001011
14883,111111111010000010001110111000101
14884,11111111101000001000111011100010
14885,11111111101000001000111011100011
14886,11111111101000001000111011101
14887,111111111010000010001110111010
14888,1111111110100000100011101110100
14889,111111111010000010001110111011
14890,1111111110100000100011101110111
14891,1111111110100000100011101111
14892,1111111110100000100011111
14893,111111111010000010010101
14894,1111111110100000100101010
14895,1111111110100000100101011
14896,111111111010000010010111101111101
14897,1111111110100000100101111011111010
14898,11111111101000001001011110111110100
14899,11111111101000001001011110111110101
14900,1111111110100000100101111011111011
14901,1111111110100000100101111011111001
14902,11111111101000001001011110111111
14903,111111111010000010010111111
14904,111111111010000010011
14905,1111111110100000101
14906,11111111101000001010
14907,11111111101000001011
14908,111111111010001
14909,1111111110100010
14910,11111111101000101
14911,1111111110100011
14912,11111111101001
14913,111111111010011
14914,111111111011
14915,1111111110110
14916,1111111110111
14917,11111111101111
14918,11111111111
14919,1111111111
15239,11111111
15240,111111111010000111
15253,11111111101000001000111011101011
15267,111
15271,11
15288,111111
15289,11111
15290,1111
15291,111111111
15316,11111111101000011
15317,1111111110100000100011101110101
15384,111111111010000010001110
15385,111111111010000010001111
15386,11111111101000001000111
15387,11111111101000001001011110
15388,11111111101000001001011111
15389,1111111110100000100101111
15390,11111111101000001001010
15391,111111111010000010010111
15392,11111111101000001001011
15393,1111111110100000100101
15427,11111111101000011010
15428,1111111110100001101
15429,11111111101000011011
15238,1
