rid,binaryID
13518,11101111111110
13519,101
13520,10
13521,11111110
13522,11111111
13523,1110111101101
13524,111011110110
13525,111011111101
13526,11101111110
13527,11101111111111
13528,111011111111111
13529,1110111111111110
13530,1110111111111111
13531,11101110111
13532,111011101
13533,1110111011
13534,11101110
13535,11101011
13536,1110101
13537,111010
13538,1101
13539,110
13901,111011
13966,1110011
13967,11101111
13968,1110111
13969,1110
13971,1111111
13972,111111
14098,111
14099,11
14100,1111
14101,11111
14102,111001
14103,11100
14171,111011110
14172,1110111101
14173,1110111101111
14174,11101111011
14175,111011110111
14180,111011111
14181,1110111111
14182,1110111111111
14183,11101111111
14184,111011111111
15461,11101
14097,1
